50

1 7
4 7
1 5

94 36
16 36
16 12

428685712 189641422
596516650 189641422
428685712 23000073

783368691 19632786
478160381 102520060
783368691 102520060

365180541 540383427
304089172 222688882
365180541 222688882

35005212 521595369
14660871 162170322
14660871 521595369

336465783 861021531
336465783 233665123
278722862 861021531

145174068 468703136
145174068 395870394
85295453 395870394

315634023 635723059
315634023 490175108
106596977 490175108

28561071 89018457
28561071 54145816
59961394 54145816

131176230 607790171
131176230 653377374
72427041 607790171

608413785 459797248
608413785 756898538
517747628 459797248

80978201 38664371
149798316 38664371
80978201 30146042

412776092 424268981
260655588 324972892
260655588 424268981

137806863 42999171
137806863 6499768
18258955 42999171

511702306 54496881
511702306 84420926
402370166 84420926

233090509 41356669
572660337 159126506
572660337 41356669

100661314 84353895
100661314 433925858
34341670 84353895

119259648 865691
119259648 1100546
939819583 865691

153313173 585990365
610515435 585990365
153313173 174323385

477171088 107813133
477171088 356426809
467946188 107813133

491705403 499715481
780695789 499715481
780695789 709393585

549214422 314870260
752392755 314870260
752392755 474612400

411549677 843993369
120848385 296223274
120848385 843993369

1 1
1 0
0 1

6 0
6 1
2 1

68 2
49 0
68 0

330573318 56690263
330573318 603570493
35060062 56690263

959997302 485560281
402724286 107649160
402724286 485560281

194953866 158487239
169274578 158487239
194953866 894429690

177724267 270744730
221558441 270744730
221558441 8639737

114738098 7905772
92977305 690387
92977305 7905772

21583857 791698928
21583857 498777856
610120710 791698928

72075088 524872354
255179498 522532257
72075088 522532257

82950912 703964684
269455307 192099256
82950912 192099256

160051529 31061285
160051529 40332872
112805732 31061285

378409504 26773308
199620254 515530020
378409504 515530020

409959709 4297113
143347213 77486716
143347213 4297113

113403633 289700724
113403633 168002245
200747797 168002245

150122847 439493452
150122847 2269747
90155839 2269747

111537764 338888228
231192380 338888228
111537764 622597489

141527089 269441500
147469842 269441500
147469842 438792351

13628669 39237149
142757035 39237149
13628669 116087765

6321447 982275857
8936988 387346491
6321447 387346491

350322228 77985204
209098719 77985204
209098719 841148366

771151433 186452552
473165004 39636468
771151433 39636468

476153276 128448265
187594922 213975408
476153276 213975408

653468859 53539693
585567170 53539693
585567170 130794396

76065818 350573794
605908236 203599252
76065818 203599252

0 0
1 1
1 0
