6

5
2 2 2
6 6 6
8 8 8
4 4 4
9 9 9

10
6 6 6
13 13 13
17 17 17
1 1 1
8 8 8
8 8 8
19 19 19
10 10 10
20 20 20
4 4 4

25
3 30 40
10 35 16
15 40 28
10 14 7
17 37 9
45 8 27
20 29 27
41 5 25
8 22 1
25 9 22
23 47 23
1 45 26
35 19 7
42 8 15
35 49 12
15 43 43
19 34 7
2 31 21
12 42 22
6 11 7
6 10 10
7 45 44
22 44 10
40 44 20
30 49 30

50
19 65 36
80 39 47
59 65 2
13 37 11
9 46 38
48 69 56
67 20 18
24 97 41
11 2 85
96 61 56
82 53 2
33 56 52
52 36 71
23 72 5
96 71 86
23 44 7
33 63 98
89 35 27
5 44 45
58 23 49
35 44 80
12 42 3
77 1 55
3 46 99
90 60 74
68 51 36
79 94 99
29 95 48
73 72 47
67 58 28
7 5 42
78 59 33
91 52 93
53 55 21
62 82 87
2 14 20
92 22 56
70 13 31
91 84 90
58 64 10
37 30 29
31 25 97
16 86 54
24 89 30
49 97 30
93 4 47
21 100 81
91 26 15
65 49 97
77 53 27

75
4 53 78
22 80 39
100 37 56
29 5 53
79 48 3
12 46 61
35 96 32
67 67 94
28 72 13
16 29 9
69 19 70
24 42 95
98 43 90
36 70 56
38 97 33
10 18 31
69 85 32
50 85 88
47 98 52
35 10 34
68 34 77
19 43 6
67 56 85
33 32 30
3 9 61
61 39 84
43 93 74
34 17 22
64 93 52
15 28 76
85 86 26
96 88 97
65 93 67
49 3 95
70 22 94
55 26 68
53 7 68
92 48 80
37 43 79
14 55 66
70 98 69
51 49 84
58 88 59
45 18 20
15 5 12
47 18 84
71 32 78
54 30 21
24 85 32
62 69 8
50 93 71
25 72 65
71 55 1
28 14 91
68 80 3
48 92 4
87 49 73
17 12 91
22 33 5
5 33 86
6 43 1
17 15 10
87 23 74
76 96 70
61 11 76
8 14 71
33 46 21
13 44 75
53 76 32
32 63 69
41 50 61
49 97 93
6 27 38
6 17 24
21 40 67

100
62 51 68
67 79 96
21 82 47
78 96 62
23 94 16
41 51 82
44 18 94
46 69 97
8 92 91
7 39 74
15 17 45
96 49 68
66 4 47
45 11 16
31 40 15
48 37 23
37 80 7
14 93 86
14 41 64
81 28 67
23 66 4
86 25 62
57 66 58
44 48 51
69 49 15
58 67 52
85 22 26
88 42 62
74 66 27
85 98 17
70 77 41
27 61 48
61 67 34
13 29 63
96 73 55
91 89 71
68 45 82
47 94 52
22 78 24
46 96 1
30 74 19
34 52 37
90 5 15
44 100 31
1 95 59
83 51 91
42 80 96
42 60 39
30 80 80
42 91 75
59 50 73
24 71 40
18 84 62
68 97 8
97 28 95
30 6 88
15 77 81
85 93 17
6 40 87
52 89 96
64 79 46
38 34 4
48 15 2
58 3 47
29 94 20
3 24 16
10 7 48
39 44 72
19 43 14
90 13 79
42 84 86
45 33 50
1 15 96
71 94 80
2 29 50
21 11 37
99 11 6
99 69 15
72 27 28
81 43 89
9 91 31
15 40 7
58 41 77
12 7 99
94 19 45
8 4 88
62 29 54
78 85 100
19 42 35
75 50 55
86 38 59
2 39 61
81 12 81
34 80 20
25 56 27
99 77 33
9 33 4
11 10 91
98 89 49
54 91 52
