25

8 10
1 4 8 1 3 8 7 4 5 5

9 7
3 1 9 9 7 6 5

7 10
3 7 7 1 5 7 6 1 5 3

9 9
6 3 6 3 9 8 7 7 2

9 8
8 9 5 5 2 9 8 8

97 98
76 65 46 67 23 82 97 77 78 71 88 22 11 52 6 37 44 66 95 1 26 53 72 75 6 85 95 36 1 18 71 29 96 71 8 16 4 15 54 73 76 19 57 68 34 70 47 18 82 69 24 77 43 17 75 65 25 44 72 37 40 3 38 50 19 40 6 20 37 17 59 59 53 56 35 33 28 13 30 21 40 40 33 48 6 7 10 43 22 28 31 19 15 21 6 21 11 17

91 98
89 67 56 9 34 71 52 5 17 62 67 35 1 68 52 14 67 70 72 58 67 33 53 47 9 40 5 70 87 49 1 36 62 20 62 84 27 8 69 84 35 31 33 29 33 48 25 66 57 84 3 89 35 46 77 45 34 19 21 3 5 50 4 45 60 22 58 18 37 19 9 45 82 77 59 25 33 78 76 7 53 15 72 20 70 5 46 8 34 56 1 35 57 56 23 41 58 22

100 99
14 65 28 73 48 8 66 74 7 37 94 86 1 12 39 54 89 49 2 2 47 91 68 32 27 29 80 8 2 5 80 41 41 27 19 22 18 96 85 12 76 82 41 17 35 94 67 70 71 67 66 15 12 37 83 100 72 26 94 53 84 6 68 84 44 93 63 45 48 98 52 73 93 20 15 92 3 89 63 82 10 32 33 22 80 27 75 97 96 30 23 69 93 12 48 80 75 100 100

94 98
55 52 36 48 62 38 77 23 20 66 6 26 37 9 59 28 20 8 74 17 43 79 27 28 61 28 29 59 3 27 47 79 72 43 32 26 5 4 40 59 65 50 61 67 38 40 48 27 62 3 8 14 6 57 50 38 53 11 48 1 46 29 7 27 10 14 4 42 8 15 35 34 37 28 36 4 6 14 21 8 11 2 1 24 26 1 24 5 10 8 3 12 4 8 14 6 13 14

97 93
41 45 54 24 8 71 43 34 62 20 79 82 86 10 64 2 1 47 67 24 6 79 82 20 95 58 47 83 30 46 87 78 67 96 76 87 72 45 20 20 2 44 72 61 5 27 29 37 30 5 54 39 87 1 85 83 12 95 95 53 50 59 77 96 66 53 22 3 3 17 24 59 1 71 84 44 23 8 35 10 97 18 17 7 80 97 96 69 2 93 93 5 90

99 94
18 71 28 12 18 32 58 29 36 20 32 13 79 39 69 72 11 37 26 85 1 25 40 5 71 92 33 33 38 25 39 97 63 17 21 49 8 46 38 78 76 84 74 79 15 62 10 86 3 30 50 95 18 68 96 91 26 20 21 41 23 65 56 98 90 55 9 9 93 27 35 85 78 53 1 20 52 68 75 8 5 42 38 79 62 76 63 66 73 72 26 34 64 55

93 97
5 8 66 84 56 72 15 56 84 89 4 60 78 18 91 2 66 86 60 60 88 72 46 71 20 25 30 85 88 8 58 80 39 87 45 23 63 90 29 26 91 57 34 91 89 82 26 57 51 40 71 41 12 34 14 53 56 62 77 50 36 65 59 21 45 1 34 19 66 3 28 6 14 46 10 54 54 11 11 55 40 23 43 51 9 30 18 16 46 22 12 12 9 25 30 12 9

94 97
43 41 15 85 52 16 57 72 22 1 79 3 14 27 73 30 71 75 6 55 60 34 69 90 59 70 4 76 4 17 85 16 69 28 32 64 17 68 38 91 75 25 92 57 19 41 52 39 55 60 76 9 42 75 34 55 37 33 25 30 12 57 38 42 54 59 22 23 49 65 33 14 57 29 26 4 12 9 32 55 54 16 2 20 40 21 48 15 47 20 40 10 10 17 3 38 6

98 99
95 8 66 69 62 65 35 40 10 65 64 92 50 77 84 84 47 9 4 70 87 89 39 77 20 50 88 87 96 10 80 82 20 32 51 13 6 83 63 8 32 49 25 19 80 59 43 25 6 56 61 44 71 63 71 24 73 38 45 19 25 68 37 30 18 23 28 31 38 23 59 33 51 38 48 5 11 17 8 31 37 26 36 11 43 32 4 23 41 41 7 28 36 14 35 6 6 31 9

97 91
34 16 60 3 58 78 6 54 42 57 37 87 11 12 55 93 8 24 25 91 67 76 67 48 27 42 78 11 55 75 74 32 62 16 61 1 3 35 40 92 16 47 41 26 53 55 65 59 92 8 14 83 38 88 91 80 47 4 19 55 68 63 47 91 70 91 63 35 45 87 55 32 85 75 70 76 34 6 36 77 76 39 49 18 46 32 40 60 32 67 33

997 992
526 312 868 782 285 601 538 601 305 568 473 505 159 248 900 355 810 748 141 677 818 354 804 953 936 151 283 346 20 941 769 737 935 31 927 795 865 790 295 327 111 765 685 49 64 640 526 151 600 661 424 6 52 653 710 277 257 982 9 128 418 608 305 140 114 811 754 990 892 133 193 376 88 270 193 18 402 48 861 364 904 589 219 634 930 46 374 459 470 371 835 750 632 86 308 604 923 978 312 911 333 217 817 13 184 579 691 556 158 454 554 347 427 907 660 676 585 658 551 817 265 45 976 917 572 278 312 617 818 35 850 245 336 116 694 7 673 748 707 508 834 549 807 167 306 787 276 3 499 126 749 941 988 903 144 465 203 518 585 417 670 417 595 835 747 200 74 992 689 365 242 135 362 225 240 959 149 438 803 11 861 192 293 240 430 947 954 873 975 33 581 182 473 389 101 903 501 717 805 790 299 715 252 501 594 122 217 535 772 924 689 720 728 371 78 765 331 145 456 687 185 469 839 803 629 175 182 504 808 122 934 289 926 140 663 140 293 914 443 430 542 607 45 196 798 482 639 105 210 609 42 368 427 165 32 434 629 679 426 57 685 236 687 212 136 462 393 709 649 115 377 813 739 6 423 677 12 91 86 313 270 478 452 672 629 673 60 339 418 474 383 286 371 482 205 560 189 591 260 187 858 516 408 846 15 241 207 719 629 484 136 159 572 619 672 102 244 232 841 719 143 661 803 360 654 747 519 660 605 680 739 753 711 718 446 449 260 86 481 469 613 553 67 282 714 631 730 671 390 413 164 182 764 734 745 490 471 348 363 438 93 311 184 609 10 567 390 209 40 635 477 77 673 183 181 727 606 699 16 287 285 218 264 228 769 595 613 474 757 576 693 673 645 334 406 156 225 329 760 608 341 7 723 183 737 503 632 30 413 366 212 515 654 125 478 458 251 112 714 103 136 566 692 225 543 636 11 215 171 239 222 677 210 351 714 680 349 570 382 293 707 614 545 407 712 379 604 495 627 613 510 664 600 636 119 477 664 686 23 253 692 135 285 673 46 388 597 275 394 287 620 478 556 116 641 481 164 169 267 256 40 209 681 306 554 428 413 594 404 14 362 5 259 311 28 15 567 84 16 453 25 472 579 403 413 479 81 221 421 241 166 169 131 413 278 30 380 646 341 256 492 478 338 356 279 141 262 202 34 581 359 239 279 188 440 99 74 556 313 12 134 128 359 11 36 97 593 254 355 422 495 206 381 469 440 510 291 449 527 89 355 417 249 358 201 345 467 192 350 559 400 230 493 526 261 31 203 465 254 459 125 119 96 482 212 222 4 357 407 172 119 48 542 44 153 424 143 527 213 163 123 374 42 270 302 487 296 401 164 339 214 336 413 425 348 200 94 454 389 284 372 101 373 11 380 231 472 262 300 410 473 260 471 29 194 297 55 97 132 268 290 7 347 353 477 193 123 43 180 41 166 225 290 443 217 322 128 502 225 140 470 432 169 54 477 239 15 289 486 332 41 73 226 348 434 182 193 262 146 433 196 333 202 107 187 16 437 300 464 237 230 162 321 160 112 40 139 160 434 402 194 7 459 384 134 203 230 37 295 135 29 114 20 365 8 167 55 141 340 242 99 319 336 374 59 238 180 121 97 81 356 416 182 190 288 20 409 45 233 401 17 354 98 409 357 224 35 162 326 1 174 227 222 70 54 155 286 86 13 37 113 350 306 310 195 305 47 319 336 210 52 390 77 99 6 108 31 243 109 333 147 268 179 372 81 262 7 244 80 290 3 329 36 30 84 82 48 232 154 315 55 262 30 59 248 338 9 12 197 107 64 154 162 54 54 180 123 161 237 96 61 27 178 65 284 119 288 143 191 303 62 89 196 16 243 125 165 208 31 31 203 91 294 136 150 253 21 77 113 231 257 101 170 190 279 289 204 64 146 197 7 18 115 99 141 184 142 164 168 26 267 93 220 71 219 48 256 8 198 226 234 233 22 100 200 15 6 184 30 104 262 68 66 163 254 219 95 131 260 85 263 16 58 226 99 31 193 160 108 151 253 124 211 21 96 242 135 166 61 242 104 8 20 197 125 86 91 30 203 160 162 157 203 156 207 62 171 39 131 214 46 221 104 121 30 87 100 159 7 32 17 143 118 51 132 93 19 65 18 15 18 32 163 42 62 184 150 57 139 135 103 91 147 36 128 127 76 94 122 44 130 179 62 23 69 93 45 149 37 152 30 67

978 972
978 858 770 102 413 151 132 826 39 38 635 125 960 499 403 423 293 500 978 46 114 857 293 970 94 942 845 460 3 730 368 883 5 955 274 843 598 183 664 461 428 703 689 932 850 638 41 140 871 303 939 765 350 953 96 441 761 632 309 708 532 721 425 876 745 851 511 129 878 375 609 896 336 22 545 198 972 678 493 62 211 516 802 97 827 483 395 286 288 103 79 285 465 240 866 949 119 863 144 442 787 412 849 527 524 682 93 189 171 334 834 694 750 258 459 581 965 594 154 567 138 776 133 895 156 799 659 390 971 554 549 730 315 978 128 363 37 252 899 766 796 533 755 172 5 928 13 605 620 74 725 497 870 798 735 845 770 182 434 740 960 468 64 553 9 228 741 704 205 884 931 548 170 443 470 611 168 924 41 227 434 267 228 431 734 461 575 464 736 887 137 564 551 506 93 48 462 839 964 320 507 318 506 874 604 762 805 463 11 222 69 612 234 325 368 318 294 726 32 233 265 521 445 851 421 427 828 4 77 410 836 255 906 877 960 236 802 550 736 886 649 125 88 174 759 805 18 309 919 65 656 320 55 769 469 470 98 517 385 887 132 44 18 389 173 195 375 827 428 390 228 623 633 450 719 540 26 95 753 69 898 135 899 862 882 229 156 567 427 188 682 282 721 542 346 728 852 455 410 894 305 498 166 349 833 441 549 138 283 580 201 3 63 291 729 684 701 375 814 798 246 678 413 871 411 598 696 41 266 413 318 93 228 31 76 435 679 246 645 123 384 256 663 628 403 450 511 636 101 735 432 586 809 153 362 163 629 177 502 306 478 143 660 743 809 716 482 544 241 437 737 522 107 63 732 513 413 699 49 94 290 369 154 497 570 546 144 791 43 39 515 667 6 632 628 293 145 110 92 561 92 484 747 96 399 13 343 347 588 362 175 2 706 726 69 276 779 322 327 102 67 118 471 8 684 543 296 150 220 468 436 131 237 531 27 757 83 677 563 113 640 44 143 402 404 441 498 551 470 716 185 99 303 588 377 211 441 529 716 522 535 257 394 464 370 214 670 353 62 23 347 257 603 285 28 291 340 610 535 568 668 334 704 630 351 124 199 688 302 264 159 91 141 61 695 196 601 288 656 481 572 80 132 101 164 682 429 163 685 310 67 518 268 172 195 156 184 313 312 626 116 118 65 563 266 255 388 312 80 302 100 81 178 451 210 94 469 41 265 298 70 120 163 511 446 639 613 431 435 508 9 536 568 586 332 130 485 186 611 251 276 241 395 332 160 81 220 502 438 433 575 151 272 313 331 563 303 129 99 388 550 319 140 491 365 585 12 362 58 518 600 337 581 583 566 330 473 83 235 283 441 440 274 342 538 317 7 505 391 219 466 245 278 372 446 467 16 411 369 66 396 515 465 504 334 284 169 284 53 205 454 66 282 311 524 469 243 545 361 34 499 487 386 357 241 232 276 191 371 368 116 352 526 368 349 378 188 284 92 187 181 308 166 63 167 301 463 146 116 46 104 190 517 117 520 287 263 381 365 71 86 161 123 182 459 314 46 171 92 286 263 161 54 143 100 165 468 344 245 390 431 481 492 386 372 163 22 339 240 11 212 121 51 92 381 81 161 265 168 401 437 26 432 311 444 162 121 447 162 416 345 32 381 139 294 135 382 240 21 94 129 125 420 451 236 119 317 58 181 264 1 348 222 10 419 418 178 86 369 420 414 186 9 233 90 349 259 413 70 273 381 256 162 153 292 80 409 138 191 336 238 232 159 71 138 81 392 364 310 259 160 109 372 363 38 257 120 244 191 199 206 230 60 256 65 272 275 13 96 185 92 279 167 285 357 191 203 104 30 89 75 257 117 185 230 44 225 332 204 125 285 283 275 312 47 350 326 70 281 164 154 53 13 333 335 191 133 248 160 272 77 148 94 262 39 337 312 43 246 155 188 151 189 195 27 310 301 111 172 149 310 263 184 96 309 282 77 247 316 263 63 41 293 54 156 11 148 186 250 121 217 74 277 205 285 114 68 167 207 209 229 57 85 120 109 46 249 60 192 96 4 250 222 184 233 80 16 27 20 232 198 160 133 49 242 11 116 153 191 80 192 181 43 25 48 245 102 83 207 160 17 107 234 226 245 15 78 124 164 149 131 45 98 165 3 207 11 139 18 85 188 231 203 86 200 28 205 2 83 21 61 192

997 997
494 693 960 46 655 510 854 888 985 336 164 150 755 95 563 733 380 101 631 425 367 404 914 858 486 884 698 688 893 884 88 370 566 442 78 284 385 113 554 439 684 971 875 395 62 970 776 815 425 213 675 738 973 172 87 894 104 106 967 382 357 630 677 642 67 415 541 811 432 809 630 256 129 432 724 579 436 620 398 927 690 147 250 79 725 157 114 2 816 124 95 291 842 390 223 574 605 407 560 261 360 385 35 99 99 68 311 935 871 225 593 285 717 4 325 653 748 364 982 124 286 433 197 728 26 263 181 323 814 960 533 658 185 284 822 537 2 695 481 271 833 747 761 785 804 817 89 348 212 233 830 132 844 162 190 481 953 529 165 751 402 259 256 689 177 908 943 676 190 634 475 227 627 278 726 647 485 982 670 480 711 181 176 660 231 859 65 707 864 71 22 91 346 853 529 894 260 252 872 209 492 17 630 775 367 741 760 253 559 828 510 136 304 415 573 639 734 275 834 930 317 239 755 925 475 1 762 496 307 747 82 428 12 854 225 639 654 517 478 920 889 144 976 121 942 831 173 780 273 209 83 14 339 422 792 174 769 378 150 189 381 869 269 408 694 663 88 789 497 728 657 851 753 935 293 451 127 203 959 982 242 417 589 418 579 98 109 219 412 438 819 426 214 874 877 110 495 460 502 208 705 207 208 3 286 961 760 478 328 47 33 750 324 635 552 103 280 38 380 19 735 731 510 210 524 910 791 651 242 673 146 12 602 1 996 584 938 915 785 506 731 422 597 56 102 351 984 485 781 646 32 523 31 697 785 970 502 623 378 942 160 378 163 223 166 68 161 863 138 22 670 949 301 825 601 866 416 134 509 680 481 188 453 332 97 50 534 508 650 392 371 786 360 199 8 380 125 155 651 450 144 911 531 52 122 17 208 371 559 29 390 500 84 895 915 180 141 396 120 880 12 370 758 897 127 782 825 590 380 442 280 410 909 541 607 503 561 588 848 621 710 175 348 386 753 39 175 370 714 153 725 266 883 235 499 809 278 853 783 714 649 8 546 349 459 357 438 354 787 463 307 430 403 434 213 40 97 582 328 389 553 453 128 790 77 774 82 772 269 769 542 480 727 7 782 362 727 381 237 207 55 54 159 530 539 592 585 516 205 671 718 597 109 220 685 827 326 685 86 367 519 659 324 296 260 322 112 493 726 770 581 422 481 64 269 763 78 525 435 747 559 660 21 135 83 322 4 544 52 747 687 415 263 101 107 378 609 754 732 306 561 288 686 285 165 770 374 264 92 334 329 334 652 156 387 425 432 49 636 93 371 295 712 108 313 465 357 78 278 573 78 14 426 311 682 270 524 473 683 54 611 606 473 359 6 87 593 46 136 42 524 309 14 430 127 702 110 456 553 307 349 250 127 434 559 683 436 137 328 67 498 112 271 81 435 220 149 516 536 497 465 489 494 113 635 153 145 537 520 376 310 11 530 116 525 389 415 534 265 561 342 680 506 246 89 624 343 487 192 29 345 651 518 163 112 214 21 173 594 485 589 283 183 169 195 641 69 436 485 74 442 534 572 437 442 23 626 623 599 445 629 493 203 236 141 200 77 64 492 144 577 580 30 459 388 15 148 95 68 452 571 313 207 464 427 492 339 25 152 137 364 527 286 107 270 25 341 479 493 26 127 562 40 581 39 61 448 203 8 40 360 345 173 35 100 388 259 281 327 409 546 128 531 132 509 19 495 108 536 372 209 58 502 56 343 97 433 449 510 138 202 355 251 450 557 96 137 430 55 281 410 424 326 548 205 13 151 138 96 533 103 231 373 538 326 181 497 469 528 465 213 435 440 462 520 74 266 356 204 476 234 334 449 161 45 309 199 397 384 391 273 32 423 285 116 103 341 157 16 126 467 170 11 339 6 285 239 260 236 97 196 119 191 355 110 103 429 421 284 11 450 207 86 195 84 453 350 187 70 355 278 442 53 357 423 23 218 82 141 297 256 418 363 28 239 405 281 381 127 25 305 217 86 432 273 168 96 395 206 98 305 280 325 68 367 208 143 420 34 120 16 238 156 340 230 297 280 158 375 349 95 214 13 125 283 27 270 241 354 145 378 357 377 8 15 108 280 259 243 87 192 256 70 320 244 55 22 20 178 88 315 90 200 287 149 139 227 110 252 71 254 358 109 107 35 376 355 245 123 200 234 203 12 349 115 151 38 166 127 96 5 32 272 11 18 165 324 248 69 80 87 218 246 271 168 301 82

975 1000
636 30 418 363 426 835 364 332 443 862 447 715 728 500 827 746 676 145 825 915 527 322 225 332 934 276 212 898 774 196 307 166 111 409 135 3 722 177 204 849 567 910 148 669 968 204 303 259 901 934 415 430 430 538 790 593 856 861 968 842 209 941 589 209 630 341 455 127 970 726 820 231 961 110 597 263 936 738 421 471 845 379 829 788 31 395 305 761 600 690 303 194 334 708 174 244 112 404 430 367 807 474 665 15 324 420 581 121 744 529 875 147 572 633 698 275 437 411 806 374 839 192 135 479 651 261 961 56 298 289 801 50 379 524 664 769 944 11 479 159 302 274 938 481 191 68 524 543 408 438 793 929 265 662 426 13 849 20 334 13 530 269 152 254 248 573 6 366 761 839 558 26 633 330 361 101 723 667 573 521 632 442 772 863 899 116 49 331 551 852 97 678 764 881 209 466 656 21 841 656 68 904 229 300 201 714 18 25 401 45 531 554 594 427 111 181 54 726 621 408 121 681 159 545 334 471 287 481 971 51 875 779 280 373 896 837 36 402 219 404 793 591 63 457 800 415 88 482 320 475 161 176 838 965 247 189 974 965 428 637 60 502 120 933 209 427 849 832 645 274 617 510 937 550 645 74 358 694 158 678 528 812 890 367 628 955 616 245 261 109 491 51 131 174 623 708 834 653 219 46 273 265 922 618 162 866 762 859 555 694 840 962 139 407 197 821 208 188 46 778 79 336 545 824 28 60 602 668 364 447 318 692 455 796 258 552 450 41 945 594 878 422 858 66 600 254 345 24 129 738 430 260 696 588 637 526 963 48 699 474 706 760 486 101 118 79 309 375 953 14 233 190 163 763 698 790 904 426 841 647 759 304 278 776 558 520 147 610 374 172 812 465 659 720 182 845 80 917 796 130 279 514 151 394 411 647 402 447 824 683 302 215 520 958 305 679 646 703 769 809 73 105 530 411 36 204 745 334 296 565 160 562 458 607 348 244 292 72 431 205 139 303 360 701 33 643 244 347 512 582 122 456 899 123 554 585 590 641 189 316 128 476 710 296 391 746 505 633 160 486 322 431 829 197 273 522 555 860 778 899 166 807 509 824 2 373 865 221 22 856 598 492 806 751 604 370 490 211 563 338 306 293 207 391 243 804 705 148 172 234 834 273 71 440 544 733 682 692 775 154 564 296 740 309 188 466 464 111 616 293 811 680 682 319 770 760 327 159 386 592 77 412 682 412 496 495 3 518 385 539 482 346 567 244 122 448 523 250 662 774 135 209 756 140 645 616 661 594 375 661 743 102 510 453 807 422 788 592 104 787 476 614 7 477 398 574 163 248 177 54 145 617 563 350 174 495 351 620 213 448 567 225 760 308 605 280 707 32 438 390 92 674 244 67 114 483 264 340 505 519 148 228 148 698 707 280 172 429 368 633 186 656 516 84 166 371 177 516 417 651 476 578 633 94 142 18 279 385 105 407 112 490 261 524 254 641 347 506 612 481 299 362 641 648 502 147 396 297 527 202 684 289 9 688 140 186 557 569 258 276 440 259 508 518 696 625 677 556 18 318 464 80 117 589 357 313 470 606 477 141 205 163 163 575 170 55 655 33 496 564 531 127 358 214 37 613 530 283 91 40 250 36 270 271 28 568 100 591 493 49 587 345 450 391 407 419 302 546 520 375 595 58 590 368 54 556 164 126 484 88 27 72 307 91 622 589 50 546 366 578 466 115 376 44 326 240 37 466 11 356 280 287 533 412 238 151 278 423 367 528 96 21 367 469 254 254 271 182 19 470 26 272 528 340 359 335 515 537 303 124 52 139 397 219 209 26 181 35 429 382 119 50 15 291 356 424 44 47 371 520 398 352 51 479 368 4 419 136 411 501 70 245 422 420 490 335 281 496 178 427 498 82 398 284 456 419 54 178 395 418 530 207 145 12 365 469 511 105 522 321 410 486 482 154 95 116 446 285 188 250 58 49 6 44 236 34 213 214 502 25 241 94 305 56 351 105 494 418 230 320 255 68 389 53 348 240 215 424 1 106 465 124 264 142 167 331 181 300 179 13 267 126 133 150 90 313 190 174 433 100 460 271 388 430 207 163 123 52 41 162 319 89 164 271 260 76 178 307 70 215 317 270 375 219 205 2 247 134 309 34 268 80 310 376 35 35 145 370 386 158 345 202 391 101 393 126 144 39 210 291 274 72 288 49 4 144 237 346 98 293 334 284 106 115 4 239 376 191 225 66 208 52 63 227 349 111 198 109 128 270

995 980
818 666 991 300 117 189 824 653 739 572 895 293 321 948 649 241 898 797 942 483 18 338 604 852 247 676 720 588 472 164 466 707 695 868 190 776 287 9 239 430 898 497 889 722 891 668 976 967 587 94 622 13 341 368 558 392 502 875 242 499 504 783 259 147 787 580 189 318 611 995 102 883 597 837 243 401 850 432 139 339 644 455 948 374 317 828 790 911 304 201 289 100 947 995 79 537 776 576 109 734 654 721 460 697 466 408 464 754 863 685 983 146 194 838 172 326 655 93 398 339 65 51 364 37 221 191 809 163 412 611 112 58 717 811 418 599 594 66 659 923 110 571 883 901 442 35 744 593 929 186 317 758 757 340 406 671 830 976 836 355 808 234 463 190 295 379 285 816 169 309 976 915 60 900 618 461 515 922 698 164 637 706 82 260 586 31 935 15 213 171 386 425 650 678 937 754 86 212 218 443 13 440 134 715 89 906 157 320 581 864 288 819 806 622 207 595 716 389 768 637 101 956 868 488 341 720 517 244 406 735 110 324 444 162 354 268 616 867 631 675 550 744 821 78 545 260 472 597 730 88 676 562 50 421 881 722 692 477 136 175 795 680 231 357 664 464 366 12 87 703 787 919 88 383 195 982 324 272 24 612 47 357 241 437 58 88 964 857 617 804 791 74 16 602 916 816 517 939 770 95 70 981 500 222 319 308 584 265 874 986 216 565 168 242 933 739 641 929 840 678 686 96 861 431 389 104 349 191 875 430 908 438 70 689 543 472 740 39 609 358 741 260 558 394 371 518 525 546 634 334 799 910 893 577 860 986 210 419 613 731 875 488 437 449 29 270 271 616 257 875 627 180 405 124 209 760 404 468 662 799 125 68 708 852 595 563 613 386 464 584 790 331 708 616 345 268 945 328 869 501 914 786 640 830 161 165 835 976 44 371 210 331 69 499 63 613 954 425 478 417 737 108 744 163 545 836 385 664 485 621 724 324 704 529 209 25 942 624 124 645 45 67 927 884 478 171 13 57 557 855 569 418 932 693 524 574 352 77 548 153 217 665 313 463 172 199 452 228 766 700 501 374 401 723 73 170 440 690 951 957 776 408 727 220 222 956 81 479 559 936 36 660 286 188 152 804 370 610 1 381 294 170 353 157 412 712 605 223 800 279 48 224 127 748 973 945 395 521 880 437 857 640 809 265 451 119 22 187 759 979 120 195 100 501 131 622 10 689 617 661 106 364 191 105 94 534 458 623 752 731 157 820 716 43 86 786 186 687 111 968 168 97 663 694 979 782 348 368 714 516 551 62 171 295 595 235 157 498 628 862 527 573 80 320 920 579 145 499 924 119 387 296 510 833 214 672 832 398 85 349 350 975 470 210 129 703 832 938 899 626 541 504 815 39 131 670 894 392 165 4 131 729 79 148 146 706 824 197 310 450 612 104 151 246 760 106 738 799 508 143 403 600 24 547 520 109 219 235 591 596 51 104 586 570 607 445 106 378 838 242 539 925 215 369 550 919 862 321 530 427 779 726 335 521 834 813 3 261 967 415 14 98 645 969 730 601 62 135 602 369 817 990 906 309 696 289 21 393 17 643 511 477 222 612 650 716 377 954 246 158 677 842 785 332 483 206 245 754 989 941 682 234 154 793 575 798 876 328 302 102 988 897 947 369 341 272 414 167 967 628 161 711 619 638 614 456 741 943 793 16 338 382 636 227 132 79 94 575 106 602 882 445 669 423 303 911 560 841 120 155 986 110 810 416 154 353 296 85 620 815 313 431 403 973 958 440 547 29 961 537 5 660 281 222 543 611 521 228 734 867 262 827 333 916 284 338 114 701 630 693 178 267 432 637 34 213 449 277 32 802 582 257 538 513 812 383 248 546 257 960 386 438 881 752 289 258 579 335 420 970 717 661 528 297 394 634 931 931 232 667 907 245 22 626 925 543 898 738 419 406 607 463 708 887 981 113 74 70 174 651 1 266 556 83 141 430 331 865 240 528 718 252 763 282 714 881 878 401 289 845 367 886 486 232 377 411 858 306 787 279 307 461 546 525 544 284 384 209 279 340 557 275 452 815 257 946 698 550 538 137 375 50 755 809 762 808 832 471 805 794 24 396 841 7 186 889 79 711 561 697 411 434 732 424 161 962 553 443 109 148 310 555 697 892 246 215 531 191 616 992 541 722 801 493 988 752 151 659 983 570 816 453 971 748 747 866 730 974 973 631

984 986
471 161 815 226 784 36 482 957 973 168 66 137 984 290 780 941 170 588 742 154 59 4 598 180 307 654 455 373 641 907 361 731 372 817 383 499 688 375 157 581 707 234 869 644 379 711 92 487 251 49 558 735 741 185 122 480 879 588 285 365 715 184 34 164 127 60 93 805 783 796 10 66 838 827 680 852 256 552 284 30 429 149 680 613 43 76 858 385 220 157 23 984 732 50 529 57 64 390 446 4 193 887 429 947 765 580 875 102 208 15 246 506 633 685 714 984 102 490 155 225 373 911 391 937 596 554 830 201 211 58 856 240 262 130 314 66 508 264 229 747 844 626 340 261 66 240 747 109 481 115 532 267 801 895 912 683 585 217 324 580 922 188 547 857 572 618 324 469 774 216 407 301 750 481 358 414 688 916 44 479 493 218 779 289 483 275 130 668 553 883 896 762 674 294 448 960 527 604 731 55 552 840 783 675 250 331 761 389 658 84 753 471 66 62 542 352 151 162 76 451 309 702 138 511 87 93 979 374 828 383 423 361 264 35 153 371 377 216 596 737 56 503 288 729 169 665 969 174 845 348 603 766 196 403 968 119 556 511 196 237 106 481 206 968 21 222 440 815 797 450 851 762 523 739 841 455 361 724 447 174 517 112 670 633 578 13 341 518 747 415 900 939 476 713 246 869 759 207 119 487 34 61 956 171 411 160 569 88 923 211 791 489 225 902 12 825 924 469 973 306 614 14 577 542 964 202 464 550 731 503 125 93 752 950 680 308 961 367 101 885 282 580 105 925 507 530 677 651 563 577 955 492 219 491 927 195 437 469 471 503 378 794 954 597 347 876 298 916 313 862 343 453 106 273 478 192 176 950 425 226 281 876 206 248 665 879 791 798 899 735 253 533 438 228 631 108 408 41 550 191 345 57 552 322 393 762 570 661 767 112 223 55 464 911 923 75 649 318 962 213 476 23 30 255 905 157 785 808 224 73 212 836 765 722 510 285 457 419 439 538 656 702 303 52 508 644 575 647 439 506 190 916 395 754 688 543 52 737 320 342 376 666 98 427 22 389 182 52 591 856 873 847 144 418 348 556 617 851 826 258 152 645 922 593 765 300 562 399 714 33 719 93 338 183 119 544 345 171 853 754 968 140 495 579 155 529 123 312 247 551 60 135 363 886 480 331 670 823 970 48 158 260 612 594 525 64 391 601 340 356 568 534 862 204 763 974 871 659 146 262 946 603 470 689 553 11 465 874 17 136 239 604 922 635 681 383 371 673 775 397 741 872 157 980 432 154 99 802 74 490 667 343 502 90 261 523 364 378 954 196 726 442 115 922 288 26 919 647 913 472 542 472 241 171 739 224 834 599 933 841 611 328 749 203 887 702 385 716 595 307 531 853 235 282 547 855 801 817 311 641 464 652 716 164 828 588 170 675 742 190 65 59 165 735 227 447 183 528 267 476 961 195 304 540 60 328 61 572 606 236 485 67 449 910 490 566 374 549 775 872 930 719 934 627 271 265 462 28 564 275 210 567 699 69 38 660 143 628 687 323 534 875 556 806 131 890 911 924 59 697 815 102 747 942 209 787 279 266 128 343 853 31 387 174 421 79 246 736 650 758 380 250 616 317 905 861 547 640 660 700 880 977 965 381 176 178 605 103 781 705 327 45 220 343 566 972 518 961 718 91 868 212 941 758 103 656 195 270 278 535 810 136 848 888 257 104 568 969 532 122 345 321 109 73 17 640 214 844 168 368 788 381 954 137 188 263 34 847 352 341 114 446 590 371 13 231 589 356 197 670 469 172 201 148 836 284 938 830 971 685 177 341 774 744 879 17 923 312 439 161 63 829 688 583 477 628 743 750 481 975 376 859 552 397 67 98 949 835 924 230 193 147 733 755 111 471 120 938 655 723 973 796 541 658 318 215 613 848 913 309 66 353 368 802 563 127 303 969 617 339 826 829 703 27 693 563 269 69 576 914 955 364 108 758 69 9 514 366 471 95 916 637 43 688 977 866 821 976 351 943 939 805 236 286 14 455 386 966 943 308 222 120 709 758 720 269 228 395 684 841 394 228 771 443 312 99 927 145 529 199 663 343 23 940 859 360 454 772 54 349 630 260 388 433 926 928 524 501 526 713 806 536 441 630 906 436 797 46 915 803 914 465 577 774 407 650 703 39 24 700 832 107 205 44 320 169 408 41 421 299 291 214 31 440 421 175 638 26 134 478 370 360 397 242 64 289

992 993
615 745 184 227 292 46 453 264 427 30 255 652 812 520 639 407 289 79 657 843 820 145 682 37 797 893 1 862 665 288 688 147 349 256 872 532 285 516 885 848 857 722 592 325 863 770 585 472 176 837 318 921 74 766 90 527 499 310 879 528 33 217 653 594 380 500 772 445 904 635 803 304 581 72 199 34 305 234 531 121 151 882 498 72 169 465 179 41 408 814 196 406 465 79 40 565 576 250 265 213 146 221 650 723 717 191 671 166 599 526 164 502 206 499 338 182 89 78 513 786 354 733 421 152 250 39 809 506 786 90 124 818 346 279 32 50 364 839 735 424 809 826 436 424 573 416 228 698 494 282 545 556 6 379 14 439 677 128 614 35 678 490 153 673 388 1 483 346 507 38 805 214 688 99 823 34 689 168 316 422 418 550 378 144 590 633 679 625 645 173 665 376 537 331 693 583 307 195 56 721 795 406 267 33 351 726 616 192 352 642 730 28 650 482 766 137 227 161 291 56 686 25 535 232 368 308 31 303 298 455 689 122 501 95 645 718 597 191 714 376 385 463 111 187 644 250 281 586 504 214 115 610 171 438 293 516 490 145 699 86 249 100 445 610 53 12 77 419 359 93 711 566 114 81 137 42 98 366 358 121 431 547 229 15 386 196 256 515 12 394 231 618 134 372 666 195 392 414 635 73 145 679 621 104 47 205 301 376 79 56 457 83 507 630 163 621 451 380 250 255 224 592 635 502 170 369 410 326 379 402 113 66 277 526 286 613 256 579 272 519 614 139 323 104 155 181 76 301 138 588 562 41 464 20 379 24 354 184 35 25 454 22 253 21 582 365 275 543 228 168 521 411 370 415 588 105 571 274 119 319 96 149 356 26 550 38 388 26 446 7 463 303 84 324 539 543 285 39 586 21 243 552 152 211 415 28 453 508 451 405 161 546 383 435 322 151 210 172 191 263 518 179 214 38 68 41 180 443 188 209 49 412 269 191 304 313 296 480 216 481 431 134 445 315 176 537 438 323 342 376 412 69 112 37 431 484 44 220 23 204 511 261 190 134 94 43 203 430 485 46 433 400 374 513 81 37 100 262 292 485 422 381 301 427 14 195 358 363 305 204 424 505 71 275 179 131 496 101 152 426 132 17 1 393 169 210 79 413 75 370 96 51 101 168 219 219 269 331 190 130 205 236 163 34 146 129 162 3 254 442 318 285 403 196 202 400 181 82 5 229 236 386 360 151 180 353 415 137 295 248 315 397 227 251 191 228 154 368 60 181 224 178 129 427 186 238 204 355 185 77 355 425 59 397 383 367 322 85 4 206 235 349 338 374 204 408 234 54 12 45 32 405 115 306 397 330 361 10 149 382 154 349 191 166 169 151 49 78 119 212 60 208 17 290 1 350 365 92 8 327 301 240 292 115 136 168 358 340 98 275 102 273 110 39 160 115 248 13 179 274 248 32 299 27 185 262 305 262 279 161 242 273 336 51 288 151 70 163 42 263 148 23 298 126 204 16 229 80 122 292 90 183 98 94 264 312 227 286 285 13 307 112 63 14 300 253 252 188 80 124 62 292 171 53 52 104 51 99 234 269 258 132 180 121 285 92 186 69 222 269 201 29 149 152 184 111 57 55 215 137 106 221 28 231 240 24 256 17 86 255 239 11 143 33 65 121 67 130 137 157 79 73 69 162 114 120 23 168 228 52 52 120 222 70 202 28 6 179 72 50 123 177 103 14 83 148 93 92 173 216 221 150 114 109 168 170 42 95 45 157 145 181 21 47 197 204 197 199 171 204 156 155 109 185 46 18 139 11 93 26 139 95 163 154 116 133 154 129 88 25 84 140 151 65 51 100 146 28 47 21 122 137 136 88 107 77 73 47 35 165 37 43 148 144 16 150 3 64 13 22 4 92 136 46 81 117 25 91 118 61 100 3 114 51 102 83 37 63 39 90 60 97 35 10 111 85 120 86 16 42 107 102 87 21 122 84 83 44 82 33 9 63 99 46 11 81 63 11 107 13 39 8 9 67 76 18 73 66 89 17 23 54 17 80 15 12 23 20 66 55 66 49 73 22 29 33 21 11 40 76 9 34 57 8 16 64 51 20 29 14 4 47 35 32 41 6 57 15 42 43 29 50 28 39 43 28 14 6 41 29 5 21 13 13 40 20 29 3 19 28 10 12 20 31 32 13 21 7 9 21 26 11 22 2 4 17 12 4 14 9 6 11 4 12 1 6 7 5 8 4 5 2 3

994 972
253 558 477 417 917 816 200 394 609 617 657 866 536 123 621 738 804 313 523 533 467 189 972 178 415 394 200 131 725 925 172 192 525 589 326 526 194 62 767 9 60 674 55 791 361 92 245 628 479 18 151 152 796 526 833 1 681 241 190 234 798 232 217 49 312 842 374 459 356 600 822 608 793 666 501 311 753 676 544 412 564 939 88 27 519 849 63 428 610 757 636 275 468 396 895 178 432 920 331 259 13 777 393 13 45 994 47 807 972 684 188 628 302 966 779 651 948 565 918 717 383 383 746 497 555 896 56 274 269 992 683 277 318 176 199 880 360 15 182 364 346 794 232 474 652 526 699 247 925 109 500 58 332 893 952 380 567 886 821 551 235 87 422 409 445 321 682 293 311 582 441 377 159 652 123 272 361 552 616 85 911 888 420 633 392 390 968 248 506 112 37 117 418 688 696 277 832 274 853 855 178 983 133 719 826 108 809 831 251 609 796 479 484 489 918 968 235 562 726 740 558 889 35 515 180 587 877 614 648 515 252 122 430 390 663 862 793 227 972 398 482 965 769 403 595 261 963 82 352 620 960 796 801 877 710 312 952 243 767 269 618 109 732 65 484 67 512 44 175 967 663 186 518 103 360 192 284 823 452 509 534 830 101 930 592 612 771 68 174 794 372 467 701 447 364 855 229 825 199 273 478 379 945 595 694 907 593 439 1 174 108 339 246 109 564 341 412 105 194 899 611 772 460 927 359 634 773 895 862 547 409 746 239 624 380 142 137 864 778 709 582 199 176 12 815 672 38 706 841 852 907 481 367 854 266 338 418 154 915 770 492 197 933 708 739 706 331 475 829 913 737 807 297 617 941 756 707 496 557 642 22 556 223 835 186 342 758 972 149 218 350 224 600 278 36 139 634 619 175 567 893 369 914 889 441 43 603 886 813 491 847 805 53 290 441 557 137 906 104 941 345 367 239 330 509 778 245 675 703 193 359 528 987 711 805 693 721 567 205 21 108 900 371 868 777 265 911 526 358 95 816 709 287 547 275 683 284 985 935 178 559 652 41 202 39 272 98 372 404 281 605 328 590 832 765 741 52 964 73 395 711 781 842 834 761 549 405 443 662 65 518 100 826 89 507 518 528 677 19 282 100 505 731 960 793 907 593 491 33 591 378 92 72 943 409 129 148 217 760 859 790 945 682 79 341 73 823 847 881 368 551 872 597 485 696 892 204 878 91 153 454 790 348 391 904 255 960 14 662 326 839 162 294 806 643 291 755 721 48 553 520 443 815 221 541 479 100 677 109 973 23 721 729 737 187 697 175 317 853 191 103 350 326 398 363 18 636 539 249 142 969 501 10 223 611 208 186 786 343 818 476 605 884 327 24 756 440 839 744 101 429 369 818 844 225 821 880 706 796 614 722 16 303 370 442 926 252 849 606 41 88 215 748 314 152 121 824 841 152 934 217 708 92 538 541 723 891 337 62 80 53 810 450 237 791 484 906 202 786 698 913 679 727 648 790 782 260 532 905 116 597 245 460 790 879 628 49 838 531 279 696 784 641 731 166 134 110 22 514 96 193 771 745 419 866 624 484 327 866 221 301 132 519 333 637 455 820 170 777 474 56 756 653 526 394 19 279 171 359 369 50 89 490 321 87 743 12 330 757 204 403 291 154 500 482 591 278 679 156 744 707 207 797 370 123 411 62 358 126 380 395 791 384 634 314 120 628 521 671 728 756 787 744 239 711 636 252 627 652 54 102 127 99 382 560 167 340 724 440 614 583 378 129 325 413 560 195 776 210 755 254 563 166 199 780 158 615 553 552 124 394 57 345 17 58 677 179 646 108 447 274 762 515 610 341 410 463 541 744 66 702 664 264 51 248 134 667 210 166 110 330 413 511 204 669 163 568 468 293 50 186 457 45 132 309 383 475 399 227 447 312 116 339 397 170 340 563 40 714 661 325 380 233 579 482 106 72 548 705 201 415 191 308 531 387 560 55 553 525 568 34 479 531 90 97 162 447 55 267 26 479 48 281 183 367 566 249 292 14 640 610 374 658 594 306 436 62 94 394 561 10 412 421 329 639 309 276 102 601 522 555 531 521 349 201 292 382 332 22 275 334 595 263 214 456 144 270 302 524 460 290 18 176 580 530 133 40 614 209 602 109 25 234 180 22 400 322 452 354 366 75 514 313 103 504 445 483 284 287 16 3 586

974 972
867 132 273 337 686 197 816 777 927 720 489 917 852 174 733 134 297 4 582 715 159 832 651 241 358 745 545 898 543 116 920 879 77 596 27 707 715 355 336 743 935 493 344 680 328 466 184 184 423 519 116 440 370 532 919 930 919 334 238 724 360 684 789 295 626 200 233 695 323 18 34 752 58 775 645 75 108 441 772 7 436 67 544 273 547 919 344 890 3 101 594 867 166 731 793 79 300 635 725 727 663 67 750 507 86 317 141 774 327 72 371 380 333 14 165 950 468 122 552 275 50 912 896 331 451 856 37 211 52 806 733 112 423 572 968 35 914 626 229 712 645 444 257 555 243 533 878 967 681 510 736 302 458 262 873 713 160 729 896 480 735 970 873 297 467 918 129 161 695 889 225 689 810 306 244 234 323 283 639 232 32 615 921 940 570 16 780 897 221 862 970 619 532 5 14 806 123 521 740 541 354 637 337 248 465 900 19 819 906 910 726 43 358 174 895 630 413 139 886 531 72 33 551 154 163 40 493 971 708 912 257 249 640 235 288 219 338 678 164 568 408 696 667 230 658 869 577 282 349 345 328 540 853 579 377 842 343 212 913 787 761 250 106 577 625 278 736 267 567 924 377 817 456 934 768 657 70 688 667 810 747 6 655 897 17 823 563 745 894 836 874 2 165 668 462 403 901 602 150 595 530 246 639 831 658 403 615 424 160 160 731 944 832 874 326 855 278 189 934 390 188 909 259 232 752 732 604 832 659 192 675 78 342 848 373 961 108 680 679 88 683 802 457 576 156 224 97 264 507 20 519 802 231 24 300 208 555 91 844 843 512 157 383 774 714 957 885 486 527 70 947 862 852 86 405 47 366 763 40 342 425 911 889 487 937 293 624 944 653 272 471 262 813 521 691 770 693 245 501 27 371 103 655 98 757 680 387 450 843 968 652 697 568 803 189 74 738 740 438 896 897 588 911 243 872 790 846 691 186 128 172 889 769 113 206 653 280 389 363 577 577 767 281 798 720 218 335 185 732 799 484 187 8 415 439 600 666 636 864 444 232 80 769 168 12 734 528 825 386 433 75 191 671 886 180 12 16 682 913 644 836 655 443 117 951 104 262 80 127 132 129 875 695 709 585 610 436 683 354 668 181 137 753 377 36 265 418 184 341 132 76 632 145 708 532 141 733 126 964 249 176 405 113 355 897 753 388 202 154 734 328 414 554 372 23 534 275 650 304 508 180 567 485 524 395 419 780 176 707 652 552 214 823 457 391 702 311 33 316 656 358 297 307 117 632 361 567 566 223 369 261 217 841 943 338 223 716 791 174 127 958 270 827 570 610 96 181 540 287 816 633 225 330 199 235 551 300 635 635 312 739 771 45 712 296 924 634 229 232 144 832 153 82 868 656 854 124 221 484 398 341 508 361 306 882 517 754 414 740 547 137 565 288 377 731 354 395 157 255 422 314 695 811 458 152 837 916 515 756 661 323 38 281 353 138 184 968 301 825 86 807 306 716 109 270 575 810 549 107 644 585 573 786 393 686 150 517 722 284 467 469 906 569 632 374 504 470 713 663 934 908 412 948 956 902 969 411 715 716 45 234 881 260 515 434 956 768 761 529 688 15 705 973 834 710 617 374 599 862 848 107 273 34 887 305 664 234 773 235 316 951 637 581 86 460 440 292 424 544 273 13 761 666 606 162 739 889 66 913 962 164 628 858 277 368 844 856 235 368 361 34 225 698 155 480 166 200 390 965 917 5 550 806 893 763 773 886 220 233 229 52 315 893 236 488 867 53 315 316 123 144 85 568 749 666 106 781 60 729 407 688 934 171 630 157 706 942 97 658 596 461 321 630 432 227 724 382 5 247 969 890 726 335 761 612 30 952 568 410 522 711 34 158 701 290 492 470 584 574 821 296 411 352 311 871 765 202 156 551 567 800 830 73 318 472 614 600 209 749 588 720 177 750 55 834 872 376 947 620 744 707 381 229 953 791 925 37 225 7 850 965 877 104 171 599 749 903 531 116 626 242 622 445 610 88 204 149 645 640 47 254 656 298 771 24 258 877 109 768 626 314 530 252 235 523 450 810 754 701 62 374 525 684 856 804 872 772 511 974 605 75 829 326 375 26 842 30 355 258 701 626 185 591 739 872 139 118 582 974 723 432 521 896 720 968 153 132 173 964 771 248 660 960 959 530 333 522 834 505 194 821 952

994 972
679 517 786 545 79 62 705 324 238 93 612 621 223 375 257 91 685 320 31 762 481 458 768 262 764 738 739 138 636 589 728 162 942 926 861 117 89 311 465 881 368 822 70 543 580 327 883 928 112 564 907 811 639 227 653 741 357 324 191 855 342 679 476 612 301 333 33 312 818 124 632 792 303 747 844 711 544 277 435 73 800 194 795 885 654 695 178 875 278 413 64 982 592 44 913 520 421 631 894 100 577 364 596 676 90 856 239 622 678 838 790 503 928 289 170 432 604 757 21 481 282 514 464 633 777 166 817 662 715 341 392 798 7 486 233 810 679 467 285 639 144 537 317 271 369 40 242 556 392 207 713 262 822 111 657 920 530 617 239 864 878 69 869 277 35 750 235 353 119 522 449 255 946 301 241 65 225 669 183 860 928 305 873 67 943 326 810 429 576 910 460 282 841 466 168 834 261 301 86 499 158 862 760 270 477 425 941 518 352 169 616 310 441 990 405 518 249 317 605 390 588 199 443 255 304 423 348 502 948 890 503 418 987 411 282 786 827 948 715 963 140 224 648 467 350 607 756 348 414 491 828 311 6 284 804 540 727 658 639 932 607 580 465 120 377 505 777 940 358 686 821 633 743 759 776 156 737 522 108 659 611 418 139 665 727 331 429 768 458 535 816 485 60 430 434 752 462 644 401 124 896 170 703 706 38 949 859 973 973 18 299 1 533 26 574 147 423 694 14 291 500 367 764 893 827 693 440 224 344 754 82 920 64 600 63 889 552 640 58 259 377 150 812 64 980 95 666 271 71 309 269 647 104 724 728 692 332 734 606 324 197 183 681 879 795 227 836 349 524 72 80 252 567 377 600 931 100 367 650 645 37 156 891 215 198 709 603 341 514 688 328 900 503 575 872 888 651 113 88 401 365 776 87 109 516 31 903 988 222 453 887 812 104 623 857 461 556 503 725 392 502 187 541 359 177 814 66 768 367 421 814 282 206 81 77 938 842 749 574 552 753 817 861 632 709 383 620 720 889 507 122 493 767 978 179 551 434 165 400 839 379 264 397 681 662 587 764 81 454 231 486 111 389 787 851 677 171 846 672 991 518 225 825 831 134 285 650 5 825 526 694 347 826 734 846 159 208 13 195 323 748 246 296 193 2 755 851 821 478 631 483 757 581 787 82 912 722 458 952 419 403 373 908 287 32 207 712 986 930 677 96 143 652 733 180 301 652 496 436 576 163 381 851 599 82 479 52 935 53 97 42 64 522 455 931 149 151 949 980 887 943 664 713 809 399 406 76 968 753 181 522 52 369 868 136 669 94 84 963 624 47 853 399 796 616 545 656 693 555 685 118 575 669 405 293 951 518 550 696 151 136 253 201 11 87 613 60 384 658 945 446 408 963 545 728 434 420 157 738 814 933 376 240 594 866 218 455 719 919 523 643 692 196 767 55 261 662 392 434 216 30 344 345 700 898 258 20 306 785 907 429 560 880 849 388 517 735 700 140 969 986 568 228 549 683 258 635 563 739 543 875 362 48 879 749 818 343 798 188 521 113 408 289 78 44 495 584 645 732 718 866 474 937 539 817 511 322 258 579 838 558 380 150 384 828 820 165 447 494 364 392 500 679 784 334 780 54 556 21 188 585 641 904 749 614 848 268 364 573 894 267 220 776 839 305 120 288 525 250 459 666 658 805 656 469 351 762 610 555 888 236 82 226 287 418 615 867 222 354 245 507 805 28 883 543 584 487 643 279 371 272 419 626 12 609 260 366 29 738 507 184 676 866 309 614 800 515 406 67 609 648 789 715 422 222 160 439 653 646 555 783 842 35 281 626 43 477 835 626 644 160 835 480 248 834 834 257 496 159 230 489 668 184 419 218 245 679 399 530 404 755 11 68 501 427 695 812 279 800 175 182 116 558 726 515 129 50 490 14 76 59 36 148 337 154 709 666 694 215 20 512 295 557 440 518 694 159 665 739 485 665 655 219 463 346 39 241 137 295 37 387 504 437 84 245 672 230 620 626 79 581 469 679 476 419 194 24 498 566 203 216 436 382 93 368 687 586 666 385 587 694 27 374 37 705 205 391 280 512 709 51 212 65 264 693 61 186 150 518 570 622 11 329 715 142 352 566 156 400 8 572 502 667 292 269 393 261 701 316 54 247 114 25 575 176 525 664 33 277 201 196 329 520 260 603 285 191 454 542 188 637 153
